[1, 0, 0, 0, 0, 0, 0, 0, 0, 0, 0, 0, 0, 0, 0, 0, 0, 0, 0, 0, 0, 0, 0, 0, 0, 0, 0
, 0, 0, 0, 0, 0, 0, 0, 0, 0, 0, 0, 0, 0, 0, 0, 0, 0, 0, 0, 0, 0, 0, 0, 0, 0, 0,
0, 0, 0, 0, 0, 0, 0, 0, 0, 0, 0, 0, 0, 0, 0, 0, 0, 0, 0, 0, 0, 0, 0, 0, 0, 0, 0,
 0, 0, 0, 0, 0, 0, 0, 0, 0, 0, 0, 0, 0, 0, 0, 0, 0, 0, 0, 0, 0, 0, 0, 0, 0, 0, 0
, 0, 0, 0, 0, 0, 0, 0, 0, 0, 0, 0, 0, 0, 0, 0, 0, 0, 0, 0, 0, 0, 0, 0, 0, 0, 0,
0, 0, 0, 0, 0, 0, 0, 0, 0, 0, 0, 0, 0, 0, 0, 0, 0, 0, 0, 0, 0, 0, 0, 0, 0, 0, 0,
 0, 0, 0, 0, 0, 0, 0, 0, 0, 0, 0, 0, 0, 0, 0, 0, 0, 0, 0, 0, 0, 0, 0, 0, 0, 0, 0
, 0, 0, 0, 0, 0, 0, 0, 0, 0, 0, 0, 0, 0, 0, 0, 0, 0, 0, 0, 0, 0, 0, 0, 0, 0, 0,
0, 0, 0, 0, 0, 0, 0, 0, 0, 0, 0, 0, 0, 0, 0, 0, 0, 0, 0, 0, 0, 0, 0, 0, 0, 0, 0,
 0, 0, 0, 0, 0, 0, 0, 0, 0, 0, 0, 0, 0, 0, 0, 0, 0, 0, 0, 0, 0, 0, 0, 0, 0, 0, 0
, 0, 0, 0, 0, 0, 0, 0, 0, 0, 0, 0, 0, 0, 0, 0, 0, 0, 0, 0, 0, 0, 0, 0, 0, 0, 0,
0, 0, 0, 0, 0, 0, 0, 0, 0, 0, 0, 0, 0, 0, 0, 0, 0, 0, 0, 0, 0, 0, 0, 0, 0, 0, 0,
 0, 0, 0, 0, 0, 0, 0, 0, 0, 0, 0, 0, 0, 0, 0, 0, 0, 0, 0, 0, 0, 0, 0, 0, 0, 0, 0
, 0, 0, 0, 0, 0, 0, 0, 0, 0, 0, 0, 0, 0, 0, 0, 0, 0, 0, 0, 0, 0, 0, 0, 0, 0, 0,
0, 0, 0, 0, 0, 0, 0, 0, 0, 0, 0, 0, 0, 0, 0, 14, 63, 48, 48, 36, 21, 18, 26, 34,
 26, 13, 21, 8, 8, 13, 10, 19, 20, 14, 39, 53, 58, 63, 31, 56, 62, 62, 53, 42, 3
9, 22, 24, 26, 22, 18, 33, 7, 8, 0, 1, 7, 17, 21, 49, 88, 93, 72, 83, 109, 117,
79, 73, 58, 49, 42, 48, 32, 30, 37, 19, 10, 5, 5, 8, 5, 13, 18, 22, 36, 51, 44,
61, 52, 59, 51, 41, 42, 33, 60, 43, 46, 44, 48, 26, 24, 25, 55, 0, 3, 33, 52, 12
9, 145, 224, 234, 292, 762, 512, 402, 1128, 11666, 1179, 3274, 9313, 2719, 1164,
 748, 477, 398, 324, 283, 259, 600, 824, 381, 543, 494, 409, 354, 340, 424, 369,
 323, 272, 287, 1394, 2390, 6257, 154, 134, 117, 86, 57, 41, 59, 41, 79, 71, 79,
 130, 202, 234, 219, 201, 107, 24, 71, 240, 187, 154, 181, 138, 218, 359, 204, 1
21, 85, 57, 43, 56, 103, 137, 129, 141, 179, 179, 214, 282, 237, 192, 197, 185,
280, 247, 250, 227, 184, 124, 109, 78, 58, 33, 35, 35, 62, 71, 100, 227, 264, 39
5, 288, 218, 139, 72, 22, 26, 33, 441, 235, 249, 225, 219, 147, 91, 61, 70, 52,
72, 102, 92, 223, 219, 470, 335, 238, 369, 334, 341, 302, 225, 223, 234, 196, 16
1, 161, 125, 89, 55, 64, 50, 31, 35, 42, 56, 131, 138, 182, 189, 350, 218, 378,
433, 272, 273, 176, 169, 156, 205, 127, 153, 103, 67, 63, 41, 36, 41, 61, 61, 11
4, 139, 291, 336, 310, 373, 364, 329, 306, 341, 234, 295, 308, 323, 236, 251, 12
3, 96, 82, 57, 66, 70, 133, 163, 254, 298, 504, 542, 415, 479, 514, 124, 507, 54
2, 358, 1692, 1743, 485, 446, 374, 192, 134, 116, 73, 74, 110, 152, 229, 306, 42
7, 553, 700, 929, 956, 1080, 741, 728, 743, 552, 489, 511, 459, 515, 469, 277, 2
16, 159, 115, 110, 156, 269, 326, 75, 494, 779, 805, 997, 834, 875, 757, 804, 90
2, 684, 669, 550, 486, 318, 18, 20, 17, 102, 290, 345, 375, 434, 608, 853, 1211,
 1456, 1722, 1810, 1453, 1041, 1033, 1163, 1165, 1106, 1640, 804, 836, 991, 73,
462, 467, 491, 333, 400, 537, 847, 351, 342, 1517, 2653, 2581, 1803, 3597, 3670,
 3429, 2787, 1724, 1611, 239, 345, 377, 234, 287, 231, 174, 160, 115, 180, 167,
172, 326, 373, 631, 680, 817, 896, 806, 837, 995, 904, 921, 1284, 2828, 2344, 19
22, 1154, 1778, 1729, 1330, 980, 1132, 1475, 1511, 1788, 2963, 4901, 6869, 9029,
 3674, 11166, 10230, 12165, 14134, 17202, 101545, 199124, 280451, 159988, 184611
, 29900, 3840, 2842, 2186, 1386, 1077, 964, 962, 1337, 1487, 1592, 2049, 1396, 1
835, 1854, 3069, 5065, 4291, 3966, 3741, 3356, 2927, 2440, 2256, 2034, 1470, 118
8, 803, 905, 852, 722, 798, 793, 830, 1136, 1149, 1300, 1732, 1422, 1310, 1380,
1155, 1039, 683, 725, 705, 560, 368, 323, 591, 681, 292, 346, 271, 591, 301, 365
, 431, 500, 541, 667, 615, 575, 705, 547, 399, 503, 386, 411, 332, 358, 269, 300
, 268, 232, 197, 196, 167, 135, 131, 190, 185, 245, 255, 312, 316, 381, 344, 392
, 483, 280, 254, 276, 251, 236, 166, 163, 213, 168, 67, 130, 128, 135, 169, 143,
 149, 107, 331, 361, 358, 312, 330, 435, 323, 343, 276, 222, 243, 564, 233, 200,
 258, 143, 121, 78, 2, 1, 0, 0, 0, 0, 2, 1, 1]
############################################
[1, 0, 0, 0, 0, 0, 0, 0, 0, 0, 0, 0, 0, 0, 0, 0, 0, 0, 0, 0, 0, 0, 0, 0, 0, 0, 0
, 0, 0, 0, 0, 0, 0, 0, 0, 0, 0, 0, 0, 0, 0, 0, 0, 0, 0, 0, 0, 0, 0, 0, 0, 0, 0,
0, 0, 0, 0, 0, 0, 0, 0, 0, 0, 0, 0, 0, 0, 0, 0, 0, 0, 0, 0, 0, 0, 0, 0, 0, 0, 0,
 0, 0, 0, 0, 0, 0, 0, 0, 0, 0, 0, 0, 0, 0, 0, 0, 0, 0, 0, 0, 0, 0, 0, 0, 0, 0, 0
, 0, 0, 0, 0, 0, 0, 0, 0, 0, 0, 0, 0, 0, 0, 0, 0, 0, 0, 0, 0, 0, 0, 0, 0, 0, 0,
0, 0, 0, 0, 0, 0, 0, 0, 0, 0, 0, 0, 0, 0, 0, 0, 0, 0, 0, 0, 0, 0, 0, 0, 0, 0, 0,
 0, 0, 0, 0, 0, 0, 0, 0, 0, 0, 0, 0, 0, 0, 0, 0, 0, 0, 0, 0, 0, 0, 0, 0, 0, 0, 0
, 0, 0, 0, 0, 0, 0, 0, 0, 0, 0, 0, 0, 0, 0, 0, 0, 0, 0, 0, 0, 0, 0, 0, 0, 0, 0,
0, 0, 0, 0, 0, 0, 0, 0, 0, 0, 0, 0, 0, 0, 0, 0, 0, 0, 0, 0, 0, 0, 0, 0, 0, 0, 0,
 0, 0, 0, 0, 0, 0, 0, 0, 0, 0, 0, 0, 0, 0, 0, 0, 0, 0, 0, 0, 0, 0, 0, 0, 0, 0, 0
, 0, 0, 0, 0, 0, 0, 0, 0, 0, 0, 0, 0, 0, 0, 0, 0, 0, 0, 0, 0, 0, 0, 0, 0, 0, 0,
0, 0, 0, 0, 0, 0, 0, 0, 0, 0, 0, 0, 0, 0, 0, 0, 0, 0, 0, 0, 0, 0, 0, 0, 0, 0, 0,
 0, 0, 0, 0, 0, 0, 0, 0, 0, 0, 0, 0, 0, 0, 0, 0, 0, 0, 0, 0, 0, 0, 0, 0, 0, 0, 0
, 0, 0, 0, 0, 0, 0, 0, 0, 0, 0, 0, 0, 0, 0, 0, 0, 0, 0, 0, 0, 0, 0, 0, 0, 0, 0,
0, 0, 0, 0, 0, 0, 0, 0, 0, 0, 0, 0, 0, 0, 0, 0, 0, 0, 0, 0, 0, 0, 0, 0, 0, 0, 0,
 0, 0, 0, 1, 1, 1, 1, 1, 1, 1, 1, 1, 1, 1, 2, 2, 2, 2, 2, 2, 2, 2, 2, 2, 2, 2, 2
, 2, 2, 2, 2, 2, 3, 3, 3, 3, 3, 4, 4, 4, 4, 4, 4, 4, 4, 5, 5, 5, 5, 5, 5, 5, 5,
5, 5, 5, 5, 5, 5, 5, 5, 5, 5, 6, 6, 6, 6, 6, 6, 6, 6, 6, 6, 6, 6, 6, 6, 6, 6, 7,
 7, 7, 8, 8, 10, 11, 12, 14, 38, 40, 47, 66, 71, 73, 75, 75, 76, 77, 77, 77, 78,
 80, 81, 81, 82, 83, 83, 84, 85, 85, 86, 86, 86, 89, 93, 105, 105, 105, 106, 105
, 105, 105, 105, 105, 105, 105, 105, 105, 105, 105, 106, 106, 106, 106, 106, 106
, 106, 106, 106, 106, 106, 107, 107, 107, 107, 107, 107, 107, 107, 107, 107, 107
, 107, 107, 107, 108, 108, 108, 108, 108, 109, 109, 109, 109, 109, 109, 109, 109
, 109, 109, 109, 109, 109, 109, 109, 109, 109, 110, 110, 110, 110, 110, 110, 110
, 110, 110, 111, 111, 111, 111, 111, 111, 111, 111, 111, 111, 111, 111, 111, 111
, 112, 112, 112, 113, 113, 114, 114, 114, 114, 114, 115, 115, 115, 115, 115, 115
, 114, 114, 114, 114, 114, 114, 114, 114, 114, 114, 115, 115, 115, 116, 116, 116
, 116, 116, 116, 117, 117, 117, 117, 116, 116, 116, 116, 116, 116, 116, 116, 116
, 116, 116, 117, 117, 118, 118, 118, 119, 119, 119, 119, 120, 120, 120, 120, 120
, 120, 120, 120, 120, 120, 120, 120, 120, 121, 121, 122, 122, 123, 123, 123, 124
, 124, 127, 129, 130, 130, 130, 130, 130, 130, 130, 130, 130, 130, 130, 131, 131
, 132, 133, 134, 135, 136, 137, 138, 139, 139, 140, 140, 141, 141, 142, 142, 142
, 142, 142, 142, 142, 142, 142, 142, 143, 144, 145, 146, 147, 148, 149, 150, 151
, 151, 152, 153, 153, 153, 153, 153, 153, 153, 153, 153, 153, 154, 154, 155, 157
, 158, 161, 163, 164, 166, 167, 168, 169, 171, 173, 173, 174, 175, 175, 176, 176
, 176, 177, 177, 177, 178, 179, 179, 180, 184, 187, 189, 193, 198, 202, 205, 207
, 209, 209, 209, 210, 210, 210, 210, 210, 210, 209, 209, 209, 209, 209, 210, 210
, 211, 212, 212, 213, 214, 215, 216, 217, 218, 221, 224, 226, 227, 229, 231, 232
, 233, 234, 236, 237, 239, 243, 248, 256, 267, 271, 285, 297, 311, 328, 349, 471
, 712, 1051, 1243, 1465, 1499, 1502, 1503, 1504, 1504, 1503, 1503, 1502, 1502, 1
502, 1502, 1503, 1503, 1503, 1503, 1505, 1509, 1513, 1516, 1518, 1520, 1522, 152
3, 1524, 1525, 1524, 1524, 1523, 1523, 1522, 1521, 1520, 1519, 1518, 1518, 1517,
 1517, 1517, 1517, 1517, 1517, 1517, 1516, 1515, 1514, 1513, 1512, 1511, 1509, 1
508, 1507, 1506, 1505, 1503, 1502, 1501, 1500, 1498, 1497, 1496, 1495, 1494, 149
3, 1492, 1491, 1490, 1489, 1488, 1487, 1485, 1484, 1483, 1481, 1480, 1479, 1477,
 1476, 1474, 1473, 1471, 1470, 1469, 1467, 1466, 1465, 1463, 1462, 1461, 1460, 1
459, 1458, 1456, 1455, 1454, 1452, 1451, 1450, 1448, 1447, 1445, 1444, 1442, 144
1, 1440, 1438, 1437, 1436, 1434, 1433, 1432, 1431, 1430, 1429, 1427, 1426, 1425,
 1424, 1423, 1422, 1420, 1419, 1418, 1417, 1415, 1414, 1412, 1411, 1409, 1408, 1
406, 1405, 1403, 1402, 1401]