superbowl
('Summary: ', <bound method OLSResults.summary of <statsmodels.regression.linear_model.OLSResults object at 0x067FAAD0>>)
('Parameters: ', array([  6.14696311e+01,   2.91009340e+00,  -7.17311805e-01,
        -6.66137721e-05,   5.13410704e-04,  -1.79452770e+01]))
('Rsquared: ', 0.70673436076430707)
('Standard errors: ', array([  4.92274102e+02,   3.11067710e-01,   1.46067918e-01,
         3.09837635e-05,   1.21516085e-04,   4.18952648e+01]))
('Predicted values: ', array([ -1.55853424e+02,  -2.77652810e+02,  -3.41117070e+02,
        -1.51899598e+02,  -1.52355331e+02,  -9.25916796e+01,
        -1.11471101e+02,  -2.50763660e+02,  -2.58928320e+02,
         5.50499430e+01,  -3.21820002e+01,  -4.45031628e+01,
        -1.11519546e+02,  -1.58277215e+02,  -1.70863775e+02,
        -6.22060319e+01,  -6.26651364e+01,  -8.57403704e+01,
        -7.34508980e+01,  -8.61191402e+01,  -1.53593811e+02,
        -1.89668892e+02,  -1.82097638e+02,  -2.06234055e+02,
        -2.19658223e+02,  -2.28937554e+02,  -2.77645215e+02,
        -2.72522241e+02,  -3.49648137e+02,  -3.49630956e+02,
         6.31108625e+01,   6.36691146e+01,   6.43263529e+01,
         6.37754523e+01,   6.38281743e+01,   6.37263046e+01,
         6.31894988e+01,   6.37263046e+01,   4.58149842e+01,
         4.60562545e+01,   4.89975187e+01,   4.58440260e+01,
         4.63522782e+01,   4.51834574e+01,   4.58851313e+01,
         2.72225425e+01,   6.12317141e+02,   2.78308358e+01,
         2.70867162e+01,   3.49916916e+01,   2.82940442e+01,
         2.78148338e+01,   2.80323412e+01,   2.86728453e+01,
         2.84273097e+01,   9.87706965e+00,   9.84936824e+00,
         9.86589972e+00,   9.86321894e+00,   9.86768691e+00,
         1.05150957e+01,   1.91630944e+01,   9.25179801e+00,
         9.84936824e+00,   9.85070863e+00,   9.86902730e+00,
         1.00227254e+01,  -7.89350979e+00,  -4.72840032e+00,
        -7.79521446e+00,  -8.07133497e+00,  -5.44412766e+00,
        -8.79490193e+00,  -7.77242782e+00,  -6.95300224e+00,
        -8.80517826e+00,  -7.95159339e+00,  -8.05212270e+00,
        -6.69207283e+00,  -8.05256949e+00,  -2.57221728e+01,
        -2.67719015e+01,  -2.60554833e+01,  -2.47919416e+01,
        -2.54147765e+01,  -2.80689117e+01,  -2.35379853e+01,
        -2.59254654e+01,  -2.53835007e+01,  -1.62969915e+01,
        -4.28435563e+01,  -4.39480383e+01,  -4.37152571e+01,
        -4.26049667e+01,  -4.38828060e+01,  -4.35995367e+01,
        -4.38984439e+01,  -4.33207354e+01,  -4.39953988e+01,
        -4.58153641e+01,  -4.40092495e+01,  -4.33426285e+01,
        -4.39337408e+01,  -4.22727526e+01,  -4.44508876e+01,
        -4.40003136e+01,  -4.39198901e+01,  -3.85891559e+01,
        -4.39757397e+01,  -6.19357611e+01,  -6.15926210e+01,
        -6.19134212e+01,  -6.19397822e+01,  -6.23418581e+01,
        -6.25391397e+01,  -6.08974050e+01,  -6.18312106e+01,
        -6.18660607e+01,  -6.18763371e+01,  -6.09009794e+01,
        -6.13584994e+01,  -6.22808910e+01,  -6.19527393e+01,
        -5.90324746e+01,  -6.15546433e+01,  -6.11431433e+01,
        -6.38473197e+01,  -5.47465544e+01,  -5.61811780e+01,
        -5.74780681e+01,  -6.28065269e+01,  -6.13124793e+01,
        -7.90968419e+00,  -6.15452605e+01,  -6.19353143e+01,
        -5.36584011e+01,  -6.18446145e+01,  -6.16877888e+01,
        -7.98175929e+01,  -7.94994735e+01,  -4.20096365e+01,
        -7.96214491e+01,  -7.98269757e+01,  -7.99210058e+01,
        -7.98515495e+01,  -5.51106162e+01,  -6.85776839e+01,
        -7.98207205e+01,  -8.00043127e+01,  -7.98515495e+01,
        -7.90102309e+01,  -7.98511027e+01,  -7.97912319e+01,
        -7.96795327e+01,  -8.11003056e+01,   1.02305206e+02,
        -7.48072121e+01,  -7.96303850e+01,  -7.98582515e+01,
        -7.98327840e+01,  -7.98989100e+01,  -7.98774637e+01,
        -7.94583682e+01,  -8.52670098e+01,  -7.98274225e+01,
        -7.98274225e+01,  -7.70422518e+01,  -7.94610490e+01,
        -7.34082496e+01,  -7.87341104e+01,  -7.98908676e+01,
        -7.98890804e+01,  -7.98770169e+01,  -7.98770169e+01,
        -7.98622313e+01,  -7.48072121e+01,  -7.96303850e+01,
        -7.96303850e+01,  -7.90850487e+01,  -7.98801445e+01,
        -7.96466724e+01,  -7.97992743e+01,  -7.98716554e+01,
        -8.05188200e+01,  -7.98917612e+01,  -7.97943595e+01,
        -7.98171461e+01,  -7.98381456e+01,  -8.05098841e+01,
        -7.94909844e+01,  -9.28652344e+01,  -7.98251885e+01,
        -7.84736278e+01,  -4.47697039e+01,  -8.05929883e+01,
        -7.96746179e+01,  -7.98998036e+01,  -9.79158772e+01,
        -9.75756620e+01,  -9.27524892e+01,  -9.75756620e+01,
        -9.27524892e+01,  -9.80181937e+01,  -9.80959364e+01,
        -9.85418397e+01,  -9.44503175e+01,  -9.51522355e+01,
        -9.75635985e+01,  -9.87699089e+01,  -9.27524892e+01,
        -9.75756620e+01,  -9.27524892e+01,  -9.78419530e+01,
        -1.03644095e+02,  -9.78321235e+01,  -9.76140866e+01,
        -9.76140866e+01,  -9.78124644e+01,  -9.98942527e+01,
        -9.77146159e+01,  -9.77843162e+01,  -9.76878081e+01,
        -9.78321235e+01,  -9.67901930e+01,  -9.78406126e+01,
        -9.40457222e+01,  -9.27524892e+01,  -9.75756620e+01,
        -9.27524892e+01,  -9.75756620e+01,  -9.73830926e+01,
        -9.77101479e+01,  -9.76860209e+01,  -9.68210220e+01,
        -9.83112925e+01,  -9.77271262e+01,  -9.27524892e+01,
        -9.75756620e+01,  -9.27524892e+01,  -9.75756620e+01,
        -9.78138048e+01,  -9.71315459e+01,  -9.78133580e+01,
        -9.91840897e+01,  -9.77597424e+01,  -9.78365915e+01,
        -9.86363166e+01,  -9.76962972e+01,  -9.85310753e+01,
        -9.68951903e+01,  -9.77575084e+01,  -9.24584968e+01,
        -9.70660695e+01,  -1.15784549e+02,  -1.10697766e+02,
        -1.15520939e+02,  -1.15727806e+02,  -1.15520939e+02,
        -1.10697766e+02,  -1.15759529e+02,  -1.15775613e+02,
        -1.08221171e+02,  -1.12978826e+02,  -1.15767571e+02,
        -1.15755507e+02,  -1.11544202e+02,  -1.15748359e+02,
        -1.15333731e+02,  -1.13180617e+02,  -1.15520939e+02,
        -1.10698213e+02,  -1.15520939e+02,  -1.10698213e+02,
        -1.16421884e+02,  -1.15449005e+02,  -1.09882362e+02,
        -1.15307370e+02,  -1.15776507e+02,  -1.09247463e+02,
        -1.15777401e+02,  -1.15667935e+02,  -1.15718423e+02,
        -1.15999661e+02,  -1.15587512e+02,  -1.15612086e+02,
        -1.15781868e+02,  -1.15520939e+02,  -1.10698660e+02,
        -1.15520939e+02,  -1.10698660e+02,  -1.11730273e+02,
        -1.15771592e+02,  -1.16370056e+02,  -1.15479834e+02,
        -1.10044996e+02,  -1.06374559e+02,  -1.15531662e+02,
        -1.17203982e+02,  -1.15566512e+02,  -1.15715296e+02,
        -1.16448245e+02,  -1.15773826e+02,  -1.14624664e+02,
        -1.15623256e+02,  -1.15140715e+02,  -1.15520939e+02,
        -1.15520939e+02,  -1.10698660e+02,  -1.13910236e+02,
        -1.15940643e+02,  -6.76858419e+01,  -1.15767571e+02,
        -1.15650957e+02,  -1.15544619e+02,  -1.15172884e+02,
        -1.16290526e+02,  -1.68643166e+01,  -1.15289945e+02,
        -1.15381092e+02,  -1.15381092e+02,  -1.15381092e+02,
        -1.15414601e+02,  -1.32576643e+02,  -1.33117715e+02,
        -1.32871083e+02,  -1.33117715e+02,  -1.34911116e+02,
        -1.34427926e+02,  -1.24131288e+02,  -1.33243711e+02,
        -1.34744908e+02,  -1.34300142e+02,  -1.33095821e+02,
        -1.33726252e+02,  -1.11705174e+02,  -1.33645828e+02,
        -1.16769576e+02,  -1.33228967e+02,  -1.33707486e+02,
        -1.33703465e+02,  -1.31966766e+02,  -1.33466216e+02,
        -1.28643937e+02,  -1.34219718e+02,  -1.33712401e+02,
        -1.33711508e+02,  -1.33261136e+02,  -1.29858976e+02,
        -1.33730273e+02,  -1.27827639e+02,  -1.27827639e+02,
        -1.33721337e+02,  -1.33610532e+02,  -1.33466216e+02,
        -1.28643937e+02,  -1.33322348e+02,  -1.33712848e+02,
        -1.33712848e+02,  -1.33526980e+02,  -1.33676657e+02,
        -1.33326369e+02,  -1.33447451e+02,  -1.33663700e+02,
        -1.32321969e+02,  -1.33056503e+02,  -1.30059836e+02,
        -1.28465218e+02,  -1.33466216e+02,  -1.28643937e+02,
        -1.35154620e+02,  -1.33724465e+02,  -1.33694529e+02,
        -1.34286291e+02,  -1.32569941e+02,  -1.33674423e+02,
        -1.32493539e+02,  -1.33724465e+02,  -1.32198206e+02,
        -1.51537490e+02,  -1.51629530e+02,  -1.51335091e+02,
        -1.51411493e+02,  -1.55035786e+02,  -1.51678678e+02,
        -1.51145202e+02,  -1.52161868e+02,  -1.51534118e+02,
        -1.52096636e+02,  -1.18467173e+02,  -1.92375894e+01,
        -6.18177892e+01,  -1.30024111e+02,  -1.57276341e+02,
        -1.98379445e+02,  -5.40865370e+01,   2.37994698e+00,
        -9.28067698e+01,  -1.69917087e+02,  -3.02336961e+02,
        -3.07867803e+02,   8.20930847e+01,   1.05518146e+02,
         5.68254841e+01,   2.94187466e+01,   8.49269172e+01,
         2.55894720e+01,  -7.44953032e+00,   9.67588508e+01,
         6.28371677e+01,   2.01223032e+01,   1.98676869e+03,
        -6.74094452e+01,  -9.46410413e+00,  -4.09718428e+01,
        -5.65461682e+01,   2.89289803e+02,  -1.59822148e+02,
        -1.61897523e+02,  -2.14445233e+02,  -1.72065113e+02,
         1.98645191e+02,  -2.66609865e+02,  -2.93812580e+02,
        -2.03830359e+02,   7.87420988e+01,   6.30088629e+01,
         2.79344927e+01,   1.20639226e+01,   1.97374710e+01,
         1.36075898e+01,   8.16652646e+00,   1.15532589e+02,
        -3.03107570e+02,   1.03549205e+02,   5.78361365e+00,
         3.49716340e+02,   1.00989897e+01,   1.07025411e+03,
         5.31720598e+02,   2.63865289e+00,  -1.20158020e+01,
         2.40127259e+02,  -1.59954199e+02,  -7.20615733e+01,
        -2.36829126e+02,  -2.59630864e+02,   3.34442153e+01,
        -3.06799238e+02,   1.05382156e+02,   5.82511900e+01,
         3.84291692e+01,   2.81357790e+01,   3.70335163e+00,
         3.24880018e-01,   5.32227401e+01,  -2.00165653e+01,
         2.20686050e+01,   8.10399508e+01,   8.58903407e+01,
         5.03780636e+01,  -8.85869177e+01,   7.32808428e+01,
        -5.40175920e+01,  -1.58114769e+02,  -1.38193005e+02,
        -1.77001936e+02,  -1.12998346e+01,  -1.91611564e+02,
        -6.41789866e+01,  -1.75451912e+02,  -2.35790428e+02,
        -2.74207574e+02,   1.22514555e+02,   1.25712559e+02,
         1.46878183e+02,   9.83909191e+00,  -1.86945297e+00,
         6.78229536e+01,   1.07430351e+02,   2.92828070e+02,
         3.73048390e+02,   4.07739868e+02,   3.44575151e+02,
         4.00408352e+02,   1.35780432e+03,   8.04753421e+02,
         5.43891316e+02,   1.93357483e+03,   1.27396255e+04,
         1.87176574e+03,   5.24360968e+03,   1.33161964e+04,
         3.71892249e+03,   2.00059456e+03,   8.77067250e+02,
         5.55585330e+02,   8.33275707e+02,   1.03067092e+03,
         4.70746218e+02,   5.42135371e+02,   1.10326100e+03,
         1.88331833e+03,   7.58369483e+02,   1.24335713e+03,
         3.77809809e+02,   1.63852405e+03,   8.66035264e+02,
         1.02687381e+03,   1.43941980e+02,   5.75293234e+02,
         1.02066323e+02,   1.52229537e+03,  -1.66894054e+01,
         2.80749391e+03,   6.06095523e+03,   1.33989460e+04,
         1.70364293e+02,   3.51885887e+01,  -1.56687604e+02,
        -1.54757137e+02,   1.65737477e+02,   7.96603720e+02,
         1.97248900e+02,   2.81733042e+01,   1.48905548e+02,
        -1.75586415e+02,   4.62764234e+02,   2.81058944e+02,
         7.10501906e+02,   2.78310229e+02,   8.88838808e+02,
         2.12799159e+02,   6.06511885e+00,  -4.69427786e+02,
        -7.73245800e+01,   2.25498520e+02,   8.43501905e+01,
        -1.82519094e+01,  -3.19276186e+01,  -9.75712476e+00,
         6.54760233e+02,  -2.52520885e+03,   3.80608446e+01,
        -9.57398756e+01,   8.88420228e+01,   1.60454526e+02,
         5.61923769e+01,   2.03494782e+02,   6.55137274e+02,
         2.23832908e+02,   5.03031338e+02,   1.89163592e+02,
         3.07707847e+02,   3.75520065e+02,   2.73250622e+02,
         1.09627113e+03,   1.69047263e+02,   1.90017984e+02,
         1.71692884e+03,   1.41437501e+02,   3.02671528e+02,
         3.09110828e+02,  -2.43506524e+02,   2.35976836e+03,
         4.20809553e+02,  -8.14256571e+01,  -8.83998762e+01,
         9.60552577e+01,   1.07645480e+03,   1.11932169e+02,
         4.41970788e+01,   4.31082648e+01,   1.48483096e+02,
         1.29381290e+02,   1.65151547e+02,   3.91575658e+02,
         8.80565617e+02,   2.35368585e+02,   2.42364142e+02,
         1.01762321e+03,   3.61055778e+02,   2.88675307e+01,
        -1.17974110e+02,  -2.48040926e+02,  -1.98222680e+02,
         2.96158619e+03,   3.55467507e+02,   2.39293127e+02,
         1.62209111e+02,   1.29330692e+03,  -2.36195630e+01,
        -1.57879029e+02,   2.17424545e+02,   1.88433501e+02,
         8.96817496e+01,   3.80046433e+02,   1.32061116e+02,
         2.58112146e+02,   3.91385144e+02,   3.38957015e+02,
         7.31602484e+02,   5.46850579e+02,   1.54792300e+03,
         6.31017162e+02,   1.86364062e+03,   6.32012071e+02,
         7.82960163e+02,   2.25357397e+02,   9.11569262e+02,
         1.92841447e+03,   8.52987562e+02,   1.05385299e+03,
         9.37797968e+02,  -4.69903059e+01,  -1.59394468e+02,
        -2.44031134e+02,   1.11774965e+03,   1.08717967e+03,
         6.96071842e+01,   9.03696435e+01,   8.73390994e+01,
         8.00840634e+01,   2.07278623e+02,   3.63427459e+02,
         3.74320083e+02,   1.95634852e+03,   5.46202361e+02,
         1.46504287e+02,   2.19771236e+03,   5.38160886e+02,
         5.76884031e+02,   9.20750978e+02,   8.33835906e+01,
         6.08213841e+01,   2.49264489e+03,  -4.11858739e+02,
        -5.35889289e+01,  -9.04677714e+00,   2.89125366e+01,
        -2.42630681e+02,   1.99483897e+02,   2.23304485e+02,
         8.26523138e+01,   1.09440556e+02,   2.68724421e+01,
         1.06212890e+02,   5.80591450e+02,   2.67840745e+02,
         3.94748982e+02,   1.24132693e+02,  -3.30814743e+02,
         1.16361770e+03,   3.20438891e+02,   1.93390648e+03,
         3.25023779e+02,   1.02646999e+02,   9.52244726e+01,
         3.25241739e+02,   3.19417956e+02,   3.55270790e+02,
         9.88780336e+01,  -1.76152435e+00,   2.23241025e+01,
        -1.08613874e+02,   1.48971354e+02,   2.30337095e+02,
         1.20188569e+02,   1.55810133e+02,   2.69211568e+02,
         2.58268928e+03,   1.61538239e+03,   1.69565757e+03,
         2.17440781e+03,   1.32639858e+03,   1.31146094e+02,
         9.95956216e+02,   5.47453315e+02,   1.96006388e+02,
         1.04272479e+03,   1.20573983e+03,   2.85847810e+02,
         4.53209944e+03,   4.67513749e+03,   5.58666975e+02,
         1.21630214e+03,   4.88243719e+02,   4.18109093e+01,
        -4.35167651e+01,   3.03741231e+02,   1.09035531e+03,
         1.98711428e+02,   7.53192702e+02,   2.91741253e+02,
         3.84498544e+02,   6.70643998e+02,   8.66483728e+02,
         1.15052094e+03,  -2.04278731e+02,   1.54111101e+03,
         1.43428040e+03,   1.66542212e+03,   8.57347495e+02,
         8.87499028e+02,   1.58899935e+03,   1.63494650e+03,
         8.69801788e+02,   8.04372484e+02,   9.00395176e+02,
         7.64259420e+02,   9.30787674e+02,   1.06933766e+03,
        -3.83883684e+02,   1.23819051e+03,  -1.84611385e+02,
         2.91230741e+02,   2.73144783e+02,   1.20388356e+03,
         8.04935770e+02,   5.11787310e+01,   9.99164213e+02,
         1.43151386e+03,   1.09134217e+03,   2.60947981e+03,
         1.07483580e+03,   1.67240584e+03,   1.91085424e+03,
         1.90670198e+03,   1.39056931e+03,   1.05572331e+03,
         1.42488423e+03,   6.29109916e+02,   5.50602294e+02,
         6.49918832e+02,  -1.75007084e+02,  -3.36025098e+02,
         1.16826684e+03,   2.01252000e+02,   1.66926114e+03,
         8.61563399e+02,   9.07000938e+02,   8.87161130e+02,
         8.55008008e+02,   2.50821505e+03,   3.40916379e+03,
         1.09914876e+03,   4.64785083e+03,   4.57226459e+02,
         2.61723103e+03,   2.86053716e+03,   2.48107920e+03,
         3.16670070e+03,   7.78156840e+02,  -3.40960133e+02,
         5.13586719e+03,   3.34378015e+03,   7.05494840e+02,
         5.70935140e+03,   7.27453032e+02,   6.71675521e+02,
         2.47947379e+03,   1.52505107e+03,   1.21147899e+03,
         8.06442125e+02,   1.25653655e+03,   2.10943333e+03,
         1.59980863e+03,   4.39093068e+02,   3.53876529e+03,
         2.79625520e+03,   1.75163089e+03,   2.31031018e+03,
         2.88369755e+03,   2.45208889e+03,   3.17984169e+03,
         3.04093143e+03,   1.51617235e+03,   2.54473803e+03,
         1.11040555e+03,   1.53096408e+02,   2.02909762e+02,
         5.03038696e+02,   5.54111385e+02,   6.97102792e+02,
         2.03347285e+02,   2.41077630e+03,   2.46412058e+03,
         2.33409622e+03,   9.93975123e+02,   1.54193757e+03,
         2.27342103e+03,   1.66176642e+03,   1.13295825e+03,
         1.47212086e+03,   1.15414384e+03,   2.03688817e+03,
         4.12118884e+02,   5.96920439e+02,   1.56857484e+02,
         3.98041467e+03,   1.25183130e+03,   2.55692481e+03,
         3.73184580e+03,   2.09517286e+03,   5.18210052e+03,
         1.71574738e+03,   3.81432532e+03,   2.22328470e+03,
         1.42736112e+03,   2.66373611e+03,   2.86348732e+03,
         3.43649857e+03,   2.81656968e+03,   1.66891614e+03,
         2.34525816e+03,   4.30858554e+03,   5.65930730e+03,
         5.75442142e+03,  -4.93143813e+03,   1.13463042e+04,
         6.87580982e+03,   1.68054831e+04,   5.79385299e+03,
        -2.15254610e+02,   9.85299251e+04,   1.81656080e+05,
         2.44048554e+05,   1.11687905e+05,   1.32430814e+05,
         2.60233335e+04,   7.23075077e+03,   1.09824077e+03,
         1.53731358e+03,   2.57346464e+03,   2.61989161e+03,
         1.66167874e+03,   2.44466114e+02,   2.01128732e+03,
         1.87294698e+03,   4.58491859e+03,   2.40888423e+03,
         3.32373367e+03,   4.15215587e+03,   4.80762936e+03,
         1.35401201e+03,   2.36269627e+03,   3.36453280e+03,
        -2.49619488e+03,  -1.16649129e+03,   1.97309462e+03,
        -1.88169316e+03,   5.19393305e+02,   1.80173068e+03,
         2.22227050e+03,   2.12323975e+03,   2.74665878e+03,
         2.09298915e+02,   5.05225186e+03,   3.17117342e+03,
         2.39127605e+03,  -4.03493794e+02,  -1.10866078e+04,
         9.51481744e+02,   2.53509850e+03,   1.58501337e+03,
         1.86614039e+03,   2.61525774e+03,   4.01283769e+03,
         5.30024989e+03,   1.86052591e+03,   1.46161410e+03,
         3.22372127e+03,   7.91399275e+02,   1.86923295e+03,
         5.98000308e+03,   1.11379242e+03,   6.40809234e+02,
         2.28871989e+03,   1.23108846e+03,   1.16266527e+03,
         1.02373923e+03,   7.81351835e+02,   1.95766792e+03,
         1.29677169e+03,   6.52057512e+02,   3.36439314e+02,
         1.05553197e+03,   1.19846549e+03,   1.50331401e+03,
         2.92285836e+03,   1.52968150e+03,   1.91671283e+03,
         2.58360711e+03,   2.48983724e+03,   1.65383871e+03,
         1.38822326e+03,   2.62472682e+03,   1.57688083e+03,
         1.64874524e+03,   1.03953946e+03,   6.15840716e+02,
         4.40825625e+02,   1.42402711e+03,   2.49751553e+03,
         1.02319139e+03,   9.44516270e+02,   3.93589036e+02,
         3.28623543e+02,   9.48327676e+02,   1.19469594e+03,
         5.19344379e+02,   6.77883945e+02,   2.34496253e+03,
         7.49228502e+02,   3.06422615e+03,   1.10758629e+03,
         6.34888606e+02,   1.00236769e+03,   1.12387873e+03,
         3.53180754e+02,   1.45062506e+03,   1.40694082e+03,
         1.15242633e+03,   3.70489364e+02,   2.03158339e+02,
         1.21853388e+02,   7.53291296e+02,   1.77922317e+01,
         1.04351929e+03,   3.12484894e+02,   3.14007687e+02,
         3.01260901e+02,   3.19305113e+02,   2.84094360e+03,
         5.79337995e+02,   1.41267882e+03,   8.91683154e+02,
         1.74425505e+03,   2.01058144e+03,   1.33510881e+03,
         1.04326020e+03,   2.89408598e+03,   6.57543103e+02,
         1.12504863e+03,   2.56847668e+03,   2.59776813e+02,
         1.34880092e+03,   9.27544666e+02,   4.03227811e+02,
         9.84256874e+02,   2.15222572e+03,  -6.55074994e+00,
         1.19590711e+02,   4.23181927e+02,   5.11384013e+01,
         1.24314903e+01,  -8.11869544e+00,  -2.59223378e+01,
        -4.39426768e+01,  -4.41224919e+01,  -5.67181779e+01,
        -7.70357559e+01,  -9.55450467e+01]))
('t_test: ', <bound method OLSResults.t_test of <statsmodels.regression.linear_model.OLSResults object at 0x067FAAD0>>)
('p values: ', array([  9.00653743e-01,   5.76250655e-20,   1.06634372e-06,
         3.18088764e-02,   2.61753514e-05,   6.68502530e-01]))
('t values', array([ 0.12486871,  9.35517672, -4.91081008, -2.14995741,  4.22504315,
       -0.42833664]))
